# N	10000
## POS	START	ignore	ENT	ACR
1	  0	0.000	0.000	0.000
2	  4	0.000	0.000	0.000
3	  8	0.000	0.000	0.000
4	 12	0.000	0.000	0.000
5	 16	0.000	0.000	0.000
6	 20	0.000	0.000	0.000
7	 24	0.000	0.715	0.933
8	 28	0.000	0.484	0.067
9	 32	0.000	0.656	0.151
10	 36	0.000	0.798	0.066
11	 40	0.000	0.608	0.114
12	 44	0.000	0.721	0.113
13	 48	0.000	0.313	0.002
14	 52	0.000	0.308	0.002
15	 56	0.000	0.675	0.019
16	 60	0.000	0.859	0.089
17	 64	0.000	0.411	0.000
18	 68	0.000	0.411	0.000
19	 72	0.000	0.417	0.000
20	 76	0.000	0.416	0.000
21	 80	0.000	0.409	0.000
22	 84	0.000	0.385	0.000
23	 88	0.000	0.410	0.000
24	 92	0.000	0.446	0.000
25	 96	0.000	0.406	0.001
26	100	0.000	0.437	0.000
27	104	0.000	0.462	0.001
28	108	0.000	0.475	0.003
29	112	0.000	0.413	0.002
30	116	0.000	0.325	0.006
31	120	0.000	0.522	0.007
32	124	0.000	0.844	0.043
##        	TYPE	START	STOP	AVG ENT
# segment	t-1	  0	 32	0.150
# segment	t5	 32	 48	0.696
# segment	t4	 48	 56	0.311
# segment	t5	 56	 64	0.767
# segment	t4	 64	120	0.416
# segment	t5	120	128	0.683
