# N	7558
## POS	START	ignore	ENT	ACR
1	  0	0.000	0.000	0.000
2	  4	0.000	0.021	0.267
3	  8	0.000	0.000	0.000
4	 12	0.000	0.229	0.160
5	 16	0.000	0.169	0.098
6	 20	0.000	0.247	0.048
7	 24	0.000	0.241	0.010
8	 28	0.000	0.283	0.010
9	 32	0.000	0.312	0.034
10	 36	0.000	0.834	0.169
11	 40	0.000	0.979	0.115
12	 44	0.000	0.982	0.094
13	 48	0.000	0.956	0.062
14	 52	0.000	0.940	0.010
15	 56	0.000	0.975	0.001
16	 60	0.000	0.240	0.000
17	 64	0.000	0.000	0.000
18	 68	0.000	0.000	0.000
19	 72	0.000	0.000	0.000
20	 76	0.000	0.000	0.000
21	 80	0.000	0.000	0.000
22	 84	0.000	0.000	0.000
23	 88	0.000	0.000	0.000
24	 92	0.000	0.000	0.000
25	 96	0.000	0.000	0.000
26	100	0.000	0.099	0.000
27	104	0.000	0.224	0.000
28	108	0.000	0.256	0.000
29	112	0.000	0.000	0.000
30	116	0.000	0.028	0.000
31	120	0.000	0.242	0.000
32	124	0.000	0.261	0.000
##        	TYPE	START	STOP	AVG ENT
# segment	t-1	  0	 32	0.149
# segment	t4	 32	 36	0.312
# segment	t5	 36	 40	0.834
# segment	t6	 40	 60	0.967
# segment	t3	 60	 64	0.240
# segment	t1	 64	100	0.000
# segment	t2	100	104	0.099
# segment	t3	104	112	0.240
# segment	t2	112	120	0.014
# segment	t3	120	128	0.251
